6.673876e+09 0.000000e+00 0.000000e+00 0.000000e+00 0.000000e+00 0.000000e+00 0.000000e+00
5.151229e+00 -4.883028e-01 -5.223115e-01 6.569700e-02 2.893667e-02 -2.705254e-02 2.431920e-03
8.444876e+00 9.976027e-02 -4.531234e-02 -9.487922e-03 5.191828e-02 1.143040e-01 -2.383086e-03
6.086998e+00 3.815039e-01 -1.997779e-01 2.937878e-03 2.467644e-02 4.712313e-02 -5.067233e-03
7.864628e+00 2.299653e-01 -2.375576e-01 4.137005e-02 4.240617e-02 4.105088e-02 -1.136362e-03
3.372043e+00 9.693682e-02 -1.655478e-01 2.442153e-02 8.208529e-02 4.806521e-02 3.851021e-03
1.912586e+00 -1.504788e-01 -9.650462e-01 1.307183e-01 3.296928e-02 -5.140869e-03 1.541008e-03
5.777668e+00 2.443151e-01 -5.817608e-01 7.378877e-02 4.350887e-02 1.827190e-02 -4.080517e-03
6.091980e+00 -8.351484e-01 -5.350340e-01 1.263568e-01 2.065155e-02 -3.223554e-02 1.724438e-03
4.721259e+00 -1.232037e-01 -9.968227e-02 -1.021338e-02 5.520566e-02 -6.823221e-02 -2.519793e-03
4.759085e+00 -5.073137e-01 -7.244919e-01 -9.981067e-03 3.198438e-02 -2.239654e-02 -4.866853e-05
4.275093e+00 -6.775452e-01 4.101140e-01 -1.797876e-01 -1.901637e-02 -3.141676e-02 5.587098e-03
3.673122e+00 2.766206e-01 -4.987472e-01 8.711762e-02 4.507307e-02 2.499892e-02 -2.103360e-03
8.124894e+00 4.986668e-01 -5.452709e-01 -1.547987e-01 3.352172e-02 3.065663e-02 8.572875e-04
7.567574e+00 5.093478e-02 -3.009553e-02 -1.451229e-03 7.627970e-02 1.290986e-01 7.784032e-04
2.997256e+00 -2.837514e-01 6.202446e-02 8.424237e-03 -1.311545e-02 -6.000099e-02 2.843538e-03
1.970359e+00 -3.013780e-01 -7.956617e-01 1.846277e-01 3.823350e-02 -1.448195e-02 -2.797262e-03
3.141275e+00 -5.686347e-01 3.150645e-01 5.128147e-02 -2.271690e-02 -4.099992e-02 -1.052020e-03
8.941516e+00 5.858549e-01 2.514394e-01 -3.469201e-02 -1.933169e-02 4.504293e-02 -6.930267e-03
1.966171e+00 -6.360853e-01 -8.855278e-03 -4.050988e-02 6.685132e-04 -4.802011e-02 8.304649e-04
6.353561e+00 -7.200814e-01 2.635496e-01 -6.536806e-02 -1.582435e-02 -4.323596e-02 -3.936975e-04
9.123336e+00 -1.041833e-01 -3.787844e-02 -1.189440e-02 3.665841e-02 -1.008276e-01 3.675166e-03
5.650633e+00 -2.694531e-01 1.990540e-01 -1.843746e-02 -3.904026e-02 -5.284754e-02 1.174377e-03
2.948217e+00 5.708275e-01 2.526248e-01 -5.877387e-02 -1.795776e-02 4.057710e-02 2.995976e-04
6.717462e-01 2.617705e-01 -6.398840e-01 1.691974e-02 4.468081e-02 1.827850e-02 6.611005e-04
5.394246e+00 -9.564620e-02 -2.755323e-02 5.305510e-03 3.418217e-02 -1.186574e-01 6.850109e-03
5.638068e-01 -3.150386e-02 -1.447825e-01 4.808587e-03 9.548765e-02 -2.077758e-02 5.316125e-03
9.252668e+00 -6.342801e-01 -5.376667e-01 3.455686e-02 2.494455e-02 -2.942684e-02 -4.493547e-04
5.053462e+00 -5.949796e-02 -7.578522e-02 3.581356e-03 1.015473e-01 -7.972347e-02 -6.672959e-03
8.828340e+00 -1.497820e-02 -4.878431e-03 -6.920710e-04 8.916187e-02 -2.737529e-01 -1.261937e-02
7.770817e-01 -1.137885e-01 1.399993e-02 2.120043e-02 -1.334178e-02 -1.084392e-01 6.564761e-03
8.175382e+00 -2.106813e-01 -4.491602e-03 1.087016e-02 1.605417e-03 -7.530307e-02 3.530808e-03
7.134859e-01 5.544240e-01 -3.641439e-01 -6.325930e-02 2.258509e-02 3.438673e-02 1.193658e-03
4.624419e+00 6.493927e-01 5.652673e-02 5.346671e-02 -3.570511e-03 4.101889e-02 1.496741e-03
1.945166e+00 1.011300e-01 -3.489808e-02 2.133259e-02 3.201049e-02 9.276214e-02 1.517671e-03
1.581633e+00 7.540730e-01 -5.794328e-01 -6.674043e-02 2.534397e-02 3.298260e-02 1.061187e-03
1.369222e+00 -1.275548e-01 9.270041e-01 4.796163e-02 -3.970411e-02 -5.463242e-03 -4.184002e-03
8.255441e+00 2.694475e-01 -4.477707e-01 -9.181335e-03 4.225502e-02 2.542709e-02 -2.614130e-03
7.464127e+00 -3.787723e-01 2.369591e-01 3.029295e-02 -3.143797e-02 -5.025269e-02 -1.835858e-03
1.683367e+00 -7.577303e-02 8.183091e-01 4.212659e-02 -4.477713e-02 -4.146232e-03 1.944642e-03
6.382158e+00 -6.271985e-02 4.928353e-01 -5.407163e-02 -5.702429e-02 -7.257099e-03 1.111887e-03
1.640340e+00 -7.343960e-01 -1.652719e-01 1.239208e-01 9.905994e-03 -4.401789e-02 1.273504e-03
3.263046e+00 -2.555622e-01 -8.602397e-01 -7.147736e-02 3.590928e-02 -1.066802e-02 3.310769e-03
9.121880e-01 1.884984e-01 -1.954380e-01 3.191255e-02 5.360706e-02 5.170360e-02 -3.224175e-03
5.037360e+00 -6.460736e-01 -6.607931e-01 -4.802801e-03 2.766681e-02 -2.705051e-02 1.530895e-04
2.699185e+00 2.724760e-02 3.769404e-02 7.129116e-03 -1.546461e-01 1.117878e-01 6.690138e-03
2.181484e+00 -1.334915e-01 3.137108e-01 -1.394539e-02 -6.570348e-02 -2.795841e-02 6.477146e-03
4.534377e+00 -2.201791e-01 -9.521280e-01 -1.525164e-01 3.475083e-02 -8.036111e-03 4.897459e-04
9.706953e+00 -4.922925e-01 1.984609e-02 -8.123582e-02 -2.095087e-03 -5.196974e-02 2.834617e-04
2.203680e+00 -8.289897e-02 -1.662344e-01 -3.468663e-02 7.057666e-02 -3.519567e-02 1.629991e-04
9.254898e+00 4.166930e-01 -1.561872e-01 -8.361863e-03 1.907146e-02 5.088090e-02 -5.827924e-03
9.733434e+00 -9.455497e-01 1.223344e-02 4.754181e-02 -4.432195e-04 -3.425740e-02 1.202619e-03
1.272486e+00 7.860557e-01 2.434043e-01 -3.026222e-02 -1.343409e-02 4.338439e-02 -3.733275e-03
2.056632e+00 -6.689581e-01 5.319110e-01 6.167410e-03 -2.242486e-02 -2.820264e-02 3.217385e-04
6.726499e+00 -3.011764e-02 2.949430e-03 -2.742679e-03 -2.171700e-02 -2.217597e-01 5.851588e-03
2.168510e+00 4.114690e-01 1.280730e-01 8.127592e-02 -1.472972e-02 4.732318e-02 -1.100393e-03
6.892203e+00 -2.587652e-01 2.932455e-01 8.370664e-03 -4.971882e-02 -4.387278e-02 -2.708947e-03
8.970301e-01 -2.753361e-01 2.582230e-01 -3.925695e-03 -4.327206e-02 -4.613981e-02 3.303529e-04
9.837439e+00 2.267155e-01 -2.515576e-01 3.498914e-02 5.300813e-02 4.777342e-02 -6.829560e-03
7.045951e+00 -2.802715e-01 -1.208526e-02 4.503964e-04 3.098105e-03 -7.184874e-02 4.981582e-04
8.294483e+00 -5.429929e-01 -5.456610e-01 -2.330076e-02 2.949612e-02 -2.935189e-02 2.931413e-04
4.571294e+00 1.698841e-02 9.345354e-01 9.048039e-03 -3.455052e-02 6.280752e-04 -2.926426e-03
8.004164e-01 -6.069604e-02 8.478909e-01 -8.121756e-02 -3.851081e-02 -2.756786e-03 3.229963e-03
9.447206e+00 1.851288e-01 1.905030e-01 2.074006e-02 -4.622424e-02 4.492021e-02 -5.472186e-04
1.023764e+00 -1.007557e-01 -9.782571e-03 -9.301555e-03 1.150122e-02 -1.184570e-01 -5.331008e-03
6.006852e+00 1.926262e-01 -4.916935e-01 4.177106e-02 4.141185e-02 1.622353e-02 1.366738e-03
7.207924e+00 -1.192086e-01 -2.748634e-01 -1.577389e-02 5.462779e-02 -2.369214e-02 4.590155e-03
1.591804e+00 2.678027e-01 -9.116054e-01 -8.511584e-02 3.637170e-02 1.068493e-02 -1.015200e-03
9.593775e+00 2.870204e-02 -4.523956e-01 1.818139e-02 5.151199e-02 3.268156e-03 -8.239792e-04
9.264782e+00 8.950521e-02 -6.368692e-01 -2.549356e-02 5.046828e-02 7.092781e-03 -8.143149e-03
1.734851e+00 -3.772929e-01 -2.165715e-01 -6.684004e-02 2.976450e-02 -5.185325e-02 2.500675e-03
1.843364e+00 1.700211e-02 -2.200930e-01 1.162051e-02 8.306698e-02 6.416897e-03 -9.289021e-04
5.138288e+00 2.749366e-01 -4.414632e-01 3.543429e-02 4.673046e-02 2.910302e-02 2.306855e-03
7.867999e+00 -2.389662e-02 -4.426905e-01 -7.153621e-02 4.942178e-02 -2.667809e-03 3.135988e-03
5.060910e+00 2.362752e-01 2.258519e-01 1.415773e-03 -4.910720e-02 5.137354e-02 -4.767797e-04
3.998704e+00 -1.137055e-01 -5.730054e-01 2.585433e-02 4.142098e-02 -8.219458e-03 2.870319e-03
4.513679e+00 -2.528820e-01 -3.086512e-01 4.631142e-03 4.846867e-02 -3.971103e-02 7.162311e-03
9.247468e+00 -3.097264e-02 -8.928545e-01 6.138304e-02 3.599961e-02 -1.248807e-03 1.825922e-03
8.808228e-01 -2.417798e-01 -9.021626e-01 -4.256514e-02 4.183248e-02 -1.121111e-02 1.198329e-03
1.627264e+00 -5.302700e-01 4.767082e-01 -1.463234e-01 -3.009069e-02 -3.347162e-02 1.914258e-03
7.468308e+00 -2.250201e-01 -8.259277e-01 8.491577e-02 4.296058e-02 -1.170441e-02 1.347510e-03
2.410702e+00 -7.476334e-01 -1.420106e-01 -5.038345e-02 7.459091e-03 -3.926936e-02 1.299977e-03
6.863650e+00 4.735227e-02 4.452177e-01 -4.289909e-02 -5.027628e-02 5.347262e-03 -1.044468e-03
6.083539e+00 2.689901e-01 6.349997e-01 2.632214e-02 -4.412222e-02 1.869047e-02 8.236072e-04
6.563419e+00 -2.918979e-01 -2.678248e-01 -1.328960e-02 4.168765e-02 -4.543468e-02 1.512819e-03
4.383153e+00 1.498194e-01 5.639497e-02 2.226271e-02 -3.228936e-02 8.578019e-02 1.802089e-03
6.103593e+00 -8.292140e-01 1.916997e-01 1.328830e-01 -8.984319e-03 -3.886247e-02 1.229537e-03
7.818697e-01 -1.119647e-01 1.038879e-01 2.051850e-03 -6.845212e-02 -7.377391e-02 1.070660e-02
9.878797e+00 3.745918e-01 2.774675e-01 -4.033300e-02 -3.354792e-02 4.529099e-02 -4.850771e-03
7.906636e-01 1.582267e-02 5.552010e-02 2.003344e-03 -1.583626e-01 4.513175e-02 5.719129e-03
5.261402e+00 2.173401e-01 -5.309132e-01 1.067140e-01 4.295715e-02 1.758539e-02 -7.622897e-04
1.307829e+00 3.342724e-01 4.888297e-01 7.183805e-02 -4.271101e-02 2.920673e-02 -7.444363e-04
3.240873e+00 4.960540e-01 -3.045164e-02 4.135627e-02 3.117878e-03 5.078990e-02 9.452542e-04
7.491777e+00 -1.543000e-01 -3.698188e-02 -2.383227e-02 2.386674e-02 -9.957953e-02 -2.370993e-03
4.580374e+00 2.223227e-01 -8.984679e-01 2.343615e-01 3.656997e-02 9.049109e-03 -2.415599e-03
3.619737e+00 -5.281931e-02 -5.937605e-01 -3.375178e-02 5.272060e-02 -4.689880e-03 9.456399e-04
7.580554e+00 8.870784e-01 3.190331e-01 2.268337e-01 -1.420129e-02 3.948700e-02 -2.253822e-03
1.255520e+00 4.708082e-02 -6.689399e-02 -1.030897e-02 1.071158e-01 7.538940e-02 -1.209049e-02
9.245584e+00 1.563881e-01 -3.319440e-01 -4.636218e-02 5.750272e-02 2.709113e-02 -5.428962e-03
2.700018e+00 -9.892676e-03 7.874239e-01 4.138539e-02 -4.457321e-02 -5.599886e-04 -1.360581e-03
9.404536e+00 4.337989e-01 4.383059e-02 -3.029247e-02 -5.647578e-03 5.589505e-02 -1.194983e-03
9.395756e-01 -3.406668e-01 5.548417e-02 -1.063611e-02 -9.158620e-03 -5.623293e-02 4.097653e-04
8.286634e+00 -2.752739e-01 -2.116954e-01 3.433149e-02 3.465205e-02 -4.505911e-02 -1.987379e-03
8.477010e+00 -1.576063e-01 1.382541e-01 7.758483e-04 -5.556580e-02 -6.334365e-02 6.226606e-03
5.181978e+00 -6.184450e-01 4.124199e-01 2.684220e-03 -2.186674e-02 -3.279031e-02 -4.145385e-03
2.061029e+00 -1.013382e-01 8.286723e-02 -2.897267e-02 -7.051823e-02 -8.623663e-02 8.809286e-03
9.689754e+00 1.725109e-02 4.756332e-02 6.947658e-03 -1.710050e-01 6.202303e-02 -6.157120e-03
3.285427e+00 1.928888e-01 8.646018e-01 -1.554703e-01 -3.761898e-02 8.392626e-03 -1.402791e-05
9.060209e+00 -1.315999e-01 3.609377e-01 -6.976228e-02 -5.283402e-02 -1.926358e-02 -1.034182e-03
1.358412e+00 -2.489153e-01 -1.948663e-01 -3.232138e-02 4.192907e-02 -5.355869e-02 6.371207e-03
6.416143e+00 4.558947e-02 7.398936e-01 9.080639e-02 -3.778152e-02 2.327956e-03 3.294304e-03
2.371490e+00 8.557511e-02 2.952422e-02 -2.582564e-03 -4.511007e-02 1.307503e-01 -4.351697e-03
6.415947e+00 -9.079448e-01 3.657670e-01 -6.051901e-02 -1.377951e-02 -3.420495e-02 -4.521832e-04
5.118985e+00 -1.201205e-03 -2.128226e-03 8.735446e-05 6.644668e-01 -3.750358e-01 -3.844026e-02
6.646538e+00 1.931781e-01 -1.326326e-01 5.273395e-03 4.180661e-02 6.089091e-02 -4.072432e-04
7.250244e+00 -8.464010e-03 -6.287509e-03 -1.239343e-04 2.207034e-01 -2.971027e-01 -3.477929e-02
4.626653e+00 -9.531465e-02 4.861440e-02 -6.163930e-04 -5.825695e-02 -1.142201e-01 4.843807e-05
2.707949e+00 -2.504712e-01 3.701438e-01 -5.302488e-02 -5.065285e-02 -3.427609e-02 2.783539e-03
7.488871e+00 -5.158099e-01 2.959767e-01 6.977240e-02 -2.299531e-02 -4.007481e-02 1.458459e-03
1.542635e+00 -3.286358e-01 6.027112e-01 1.382391e-02 -3.530391e-02 -1.924989e-02 -9.733686e-04
8.642945e+00 1.227385e-01 8.445645e-01 1.213088e-03 -3.692686e-02 5.366491e-03 1.210476e-03
2.854521e+00 1.999872e-01 3.414281e-01 -3.812845e-02 -5.718559e-02 3.349573e-02 2.143634e-03
7.978988e+00 3.571927e-02 -5.490066e-02 1.817427e-03 1.225907e-01 7.975951e-02 7.662791e-03
3.425393e+00 -2.123768e-02 7.916026e-02 1.373496e-02 -1.400324e-01 -3.756890e-02 3.136612e-03
5.008071e-01 1.415445e-02 -6.845470e-03 1.155809e-03 1.313353e-01 2.715634e-01 1.024538e-02
8.046051e+00 -8.198343e-01 3.190723e-01 -1.390586e-02 -1.552000e-02 -3.987756e-02 -3.843738e-03
9.309282e+00 -3.620984e-01 7.173255e-01 -1.057873e-01 -3.310697e-02 -1.671205e-02 -4.607277e-05
5.986058e+00 -3.217396e-01 2.224810e-01 -2.948291e-02 -3.663907e-02 -5.298538e-02 1.367316e-03
1.161312e+00 -1.659618e-01 -4.160410e-01 -4.334485e-02 4.865192e-02 -1.940760e-02 2.939446e-03
3.699603e+00 1.852222e-01 7.692765e-01 8.792327e-02 -4.319668e-02 1.040066e-02 -8.426427e-05
1.249748e+00 -1.773321e-01 3.366819e-01 3.318722e-02 -4.827683e-02 -2.542766e-02 -2.827626e-03
7.903046e+00 -9.691650e-02 2.667361e-01 -2.689347e-02 -6.282354e-02 -2.282645e-02 -7.358731e-03
9.745017e+00 -2.898886e-01 -1.264627e-01 3.556017e-02 2.897795e-02 -6.642574e-02 -3.676687e-03
5.623081e-01 -9.879568e-02 6.557372e-01 -6.976248e-02 -4.938191e-02 -7.440053e-03 3.747427e-04
8.833823e+00 -7.509198e-01 3.861962e-01 -5.829900e-02 -1.729338e-02 -3.362526e-02 -1.221523e-03
8.107198e+00 4.207525e-01 -2.626693e-01 -7.155409e-02 2.905482e-02 4.654099e-02 -2.223016e-03
1.257777e+00 7.116503e-01 -9.328500e-02 -2.169034e-02 6.417560e-03 4.895813e-02 -1.979735e-04
1.182029e+00 1.292984e-01 -2.346742e-01 -1.112057e-02 6.569451e-02 3.619571e-02 3.227932e-03
6.522795e+00 -4.290801e-02 -7.840831e-01 -2.150956e-02 4.396829e-02 -2.406112e-03 1.415535e-03
1.670523e+00 1.071939e-01 -2.151854e-01 2.757899e-02 6.865973e-02 3.420264e-02 4.450471e-04
6.283422e-01 8.487349e-02 -8.710311e-01 -1.008234e-01 3.768435e-02 3.671972e-03 3.468393e-05
5.493838e+00 -7.225012e-01 -5.103975e-01 -9.973016e-02 2.378208e-02 -3.366509e-02 2.005981e-03
2.620351e+00 -2.829822e-01 4.551510e-01 -9.778641e-03 -4.174871e-02 -2.595653e-02 2.526628e-03
3.692640e+00 4.270899e-01 -2.814995e-01 3.798428e-02 2.748351e-02 4.169786e-02 1.764997e-03
7.674468e+00 1.297850e-02 2.827470e-04 8.177474e-05 -6.259869e-03 2.873372e-01 1.109933e-02
9.938738e+00 1.594347e-01 4.777479e-01 -3.614542e-02 -4.780960e-02 1.595509e-02 -1.463352e-03
4.842626e+00 -2.742348e-01 -3.450699e-01 5.821683e-02 4.493401e-02 -3.571007e-02 -2.118277e-03
4.931209e+00 -2.187959e-01 4.663048e-01 6.235336e-03 -4.811504e-02 -2.257616e-02 -1.766931e-03
5.784024e+00 3.618794e-01 -4.057289e-01 5.378223e-02 3.967710e-02 3.538896e-02 -1.429905e-03
6.685979e+00 5.014837e-01 -1.325841e-01 -4.126958e-02 1.280590e-02 4.843681e-02 4.790711e-03
1.196450e+00 -1.032672e-01 2.473087e-01 3.439006e-02 -7.267048e-02 -3.034459e-02 3.741626e-03
6.590817e+00 2.481955e-01 -5.682065e-01 -7.476414e-03 4.686762e-02 2.047202e-02 -2.950285e-03
3.683810e+00 -7.243807e-01 -2.923989e-01 -1.702538e-01 1.613944e-02 -3.998340e-02 1.221979e-03
2.632207e+00 7.365000e-01 2.668815e-02 2.216259e-02 -1.472886e-03 4.064653e-02 -1.344828e-03
3.479491e+00 -6.665382e-02 -9.267574e-01 6.962701e-02 4.259115e-02 -3.063221e-03 2.857341e-03
3.007956e+00 -8.322836e-02 -9.888399e-02 1.012458e-02 8.874734e-02 -7.469658e-02 -3.921467e-03
2.255533e+00 1.060425e-01 -9.702595e-02 1.000492e-02 7.192371e-02 7.860756e-02 1.436916e-03
7.787278e+00 -1.127664e-01 3.751770e-01 4.387938e-02 -4.970053e-02 -1.493841e-02 -1.153732e-03
7.297468e+00 3.500534e-02 8.889499e-01 -6.778307e-02 -3.814365e-02 1.502032e-03 1.155168e-03
4.499511e+00 4.171410e-01 6.799919e-01 9.726091e-02 -3.675298e-02 2.254611e-02 2.379307e-03
2.244550e+00 -3.427386e-02 -8.139596e-02 1.258117e-02 1.184837e-01 -4.989062e-02 -5.090082e-03
9.112542e+00 -3.714254e-01 -6.067340e-01 -5.453063e-02 3.736032e-02 -2.287093e-02 -1.448446e-03
7.029938e+00 -3.892445e-01 5.590504e-04 3.937150e-02 -8.826929e-05 -6.145838e-02 -9.329164e-04
2.172626e+00 -6.833558e-01 -1.570663e-01 4.332664e-02 1.083823e-02 -4.715440e-02 -3.271033e-03
6.677152e+00 -1.887270e-01 2.167902e-01 -1.309449e-02 -5.577894e-02 -4.855844e-02 2.982164e-03
7.192341e-01 2.327913e-01 2.927583e-01 -3.135326e-02 -4.716734e-02 3.750584e-02 3.765986e-03
5.933428e+00 2.299567e-01 -9.023679e-01 1.368198e-01 3.966538e-02 1.010821e-02 -2.195108e-03
6.492179e+00 4.738099e-03 4.833297e-02 8.483356e-03 -1.726247e-01 1.692246e-02 5.107350e-03
4.240760e+00 8.268658e-02 -2.042700e-01 -7.593074e-03 7.397986e-02 2.994636e-02 -5.099708e-03
2.388871e+00 5.805316e-01 -7.291076e-01 2.307189e-02 2.872219e-02 2.286925e-02 5.391167e-04
8.713041e+00 -9.895072e-03 -1.588370e-01 1.239088e-03 1.046546e-01 -6.519670e-03 5.920991e-03
7.090933e-01 -4.880089e-03 2.147430e-03 -1.039911e-03 -2.063526e-01 -4.689416e-01 5.831435e-04
7.512432e+00 -7.106575e-01 2.028956e-01 -9.084081e-02 -1.034161e-02 -3.622228e-02 -3.385945e-03
8.606055e+00 -5.534253e-02 -2.609590e-02 6.172123e-03 5.837257e-02 -1.237928e-01 2.263576e-03
2.507910e+00 1.528381e-01 2.019723e-01 1.063513e-02 -5.371915e-02 4.065079e-02 -4.761491e-04
1.153378e+00 -1.767602e-01 -3.632755e-01 3.900193e-02 5.139070e-02 -2.500535e-02 -6.785508e-03
8.953319e+00 -1.023331e-01 -4.496589e-02 1.366328e-03 3.905857e-02 -8.888929e-02 6.836495e-03
1.614749e+00 1.468489e-01 -1.970125e-01 -3.819306e-02 5.871642e-02 4.376596e-02 -1.249642e-03
3.366350e+00 -6.011637e-01 -5.545678e-01 6.955699e-02 3.002010e-02 -3.254245e-02 -1.187960e-03
9.122803e+00 -5.505806e-01 1.369553e-01 -2.063286e-02 -1.185893e-02 -4.767468e-02 -4.285404e-03
6.804897e+00 -3.055355e-01 -2.297486e-01 -5.179999e-03 3.454677e-02 -4.594268e-02 -2.561727e-03
9.237209e+00 3.175308e-01 8.957544e-01 1.400091e-01 -3.242721e-02 1.149493e-02 -1.268095e-04
5.071814e+00 1.586632e-01 -4.644122e-01 9.786628e-04 4.926388e-02 1.683067e-02 3.452402e-03
7.887996e+00 -4.396183e-01 4.851650e-02 2.341761e-02 -6.568987e-03 -5.952299e-02 2.282357e-03
2.427671e+00 6.307319e-01 3.000825e-03 1.591116e-02 -2.198711e-04 4.621386e-02 -1.926521e-03
4.417113e+00 -7.440190e-01 1.365093e-01 -1.497239e-02 -8.365386e-03 -4.559401e-02 -4.797236e-04
8.756367e+00 3.547242e-02 3.790810e-01 -4.631138e-02 -6.662987e-02 6.234876e-03 4.564145e-03
3.883757e+00 9.858872e-03 -9.091972e-01 -2.985753e-02 3.579363e-02 3.881280e-04 2.917689e-03
5.518524e+00 1.412229e-01 1.116751e-01 2.022741e-04 -5.994009e-02 7.579950e-02 9.259384e-04
2.369772e+00 3.980329e-01 1.788327e-01 -5.484578e-02 -2.408601e-02 5.360891e-02 3.044065e-03
7.059548e+00 -6.091625e-01 7.892775e-01 -1.591951e-01 -2.883080e-02 -2.225154e-02 -1.471547e-03
9.825162e+00 6.476949e-01 -2.321459e-01 -5.217682e-02 1.395737e-02 3.894153e-02 -1.480489e-03
4.030503e+00 5.357471e-01 4.123108e-01 1.235262e-01 -2.809563e-02 3.650682e-02 -2.459869e-03
8.586934e-01 -7.538110e-01 1.280887e-01 -2.871785e-02 -6.449679e-03 -3.795680e-02 3.136709e-03
7.684934e+00 6.418606e-01 3.187144e-01 -4.859192e-02 -2.046235e-02 4.120923e-02 -1.664830e-03
7.410553e+00 8.196329e-03 2.001031e-03 3.630963e-04 -9.416447e-02 3.857026e-01 4.097622e-03
2.809619e+00 8.014686e-01 -3.531746e-01 -3.381798e-02 1.597540e-02 3.625340e-02 1.327792e-03
1.042233e+00 6.327476e-01 -1.196193e-01 -6.966185e-02 9.157280e-03 4.843905e-02 2.989451e-03
7.511092e+00 4.892201e-01 -2.716203e-01 -1.526624e-02 2.573216e-02 4.634665e-02 -5.438641e-03
4.598814e+00 3.235139e-02 6.652586e-02 4.187186e-03 -1.274643e-01 6.198565e-02 -1.904177e-03
5.071837e+00 3.102963e-01 -1.704218e-01 -4.501727e-02 3.252648e-02 5.922274e-02 3.554956e-03
